1
0
0.0009970664978027344
2 3 4 5 6 7 8 9 10 11 12 13 14 15 16 17 18 19 20 21 22 23 24 25 26 27 28 29 30 31 32 33 34 35 36 37 38 39 40 41 42 43 44 45 46 47 48 49 50
1 3 4 5 6 7 8 9 10 11 12 13 14 15 16 17 18 19 20 21 22 23 24 25 26 27 28 29 30 31 32 33 34 35 36 37 38 39 40 41 42 43 44 45 46 47 48 49 50
1 2 4 5 6 7 8 9 10 11 12 13 14 15 16 17 18 19 20 21 22 23 24 25 26 27 28 29 30 31 32 33 34 35 36 37 38 39 40 41 42 43 44 45 46 47 48 50
1 2 3 5 6 7 8 9 10 11 12 13 14 15 16 17 18 19 20 21 23 24 25 26 27 28 29 30 31 32 33 34 35 36 37 38 39 40 41 42 43 44 45 46 47 48 49 50
1 2 3 4 6 7 8 9 10 11 12 13 14 15 16 17 18 19 20 21 22 23 24 25 26 27 28 29 30 31 32 33 34 35 36 37 38 39 40 41 42 43 44 45 46 47 50
1 2 3 4 5 7 8 9 10 11 12 13 14 15 16 17 18 19 20 21 22 23 24 25 26 27 28 29 30 31 32 33 34 35 36 37 38 39 40 41 42 43 44 45 46 47 50
1 2 3 4 5 6 8 9 10 11 12 13 14 15 16 17 18 19 20 21 22 23 24 25 26 27 28 29 30 31 32 33 34 35 36 37 38 39 40 41 42 43 44 45 46 50
1 2 3 4 5 6 7 9 10 11 12 13 14 15 16 17 18 19 20 21 22 23 24 25 26 27 28 29 30 31 32 33 34 35 36 37 38 39 40 41 42 43 44 45 46 50
1 2 3 4 5 6 7 8 10 11 12 13 14 15 16 17 18 19 20 21 22 23 24 25 26 27 28 29 30 31 32 33 34 35 36 37 38 39 40 41 42 43 44 45 50
1 2 3 4 5 6 7 8 9 11 12 13 14 16 17 18 19 20 22 23 24 25 26 27 28 29 30 31 32 33 34 35 36 37 38 39 40 41 42 43 44 47 50
1 2 3 4 5 6 7 8 9 10 12 13 14 15 16 18 19 20 21 22 23 24 25 26 27 28 29 30 31 32 33 34 35 36 37 38 39 40 41 42 43 47 50
1 2 3 4 5 6 7 8 9 10 11 13 14 15 16 17 18 19 20 22 24 25 26 27 29 31 32 33 35 36 37 38 39 40 41 42 43 44 45 46 47 48
1 2 3 4 5 6 7 8 9 10 11 12 14 15 16 17 18 19 20 21 23 24 25 26 27 28 29 30 31 32 33 34 35 36 37 38 39 40 41 43
1 2 3 4 5 6 7 8 9 10 11 12 13 15 16 17 18 19 20 21 22 23 24 25 26 27 28 29 30 31 32 33 34 35 36 39 41 43
1 2 3 4 5 6 7 8 9 11 12 13 14 16 18 20 25 26 27 29 31 32 33 35 36 37 38 39 40 41 42 43 45 46 47 48 49
1 2 3 4 5 6 7 8 9 10 11 12 13 14 15 17 20 22 23 24 25 26 27 28 29 30 31 32 33 34 35 36 38 39 41 43
1 2 3 4 5 6 7 8 9 10 12 13 14 16 18 19 20 22 23 24 25 26 27 28 29 30 31 32 33 34 36 38 39 41 43 47
1 2 3 4 5 6 7 8 9 10 11 12 13 14 15 17 19 20 21 25 26 27 29 31 33 34 35 36 37 39 41 42 43 47
1 2 3 4 5 6 7 8 9 10 11 12 13 14 17 18 20 21 22 23 24 25 26 27 28 29 30 31 33 36 39 41 43 47
1 2 3 4 5 6 7 8 9 10 11 12 13 14 15 16 17 18 19 21 22 23 24 25 26 27 28 30 31 32 33 39 41 43
1 2 3 4 5 6 7 8 9 11 13 14 18 19 20 22 23 24 25 26 27 28 29 30 31 33 34 37 38 39 41 42 47
1 2 3 5 6 7 8 9 10 11 12 14 16 17 19 20 21 23 24 26 27 28 29 30 31 33 36 37 38 39 40 44 47
1 2 3 4 5 6 7 8 9 10 11 13 14 16 17 19 20 21 22 26 27 29 32 33 35 36 38 39 40 44 45 48 49
1 2 3 4 5 6 7 8 9 10 11 12 13 14 16 17 19 20 21 22 26 27 28 29 30 32 33 34 36 38 40 44
1 2 3 4 5 6 7 8 9 10 11 12 13 14 15 16 17 18 19 20 21 26 27 28 29 30 31 32 33 34 36 38
1 2 3 4 5 6 7 8 9 10 11 12 13 14 15 16 17 18 19 20 21 22 23 24 25 27 30 31 32 33 36 38
1 2 3 4 5 6 7 8 9 10 11 12 13 14 15 16 17 18 19 20 21 22 23 24 25 26 28 29 30 31 33
1 2 3 4 5 6 7 8 9 10 11 13 14 16 17 19 20 21 22 24 25 27 29 30 32 33 34 40 44 49
1 2 3 4 5 6 7 8 9 10 11 12 13 14 15 16 17 18 19 21 22 23 24 25 27 28 30 31 33 38
1 2 3 4 5 6 7 8 9 10 11 13 14 16 17 19 20 21 22 24 25 26 27 28 29 32 34 35 40 44
1 2 3 4 5 6 7 8 9 10 11 12 13 14 15 16 17 18 19 20 21 22 25 26 27 29 32 34 35 37
1 2 3 4 5 6 7 8 9 10 11 12 13 14 15 16 17 20 23 24 25 26 28 30 31 34 35 37 40
1 2 3 4 5 6 7 8 9 10 11 12 13 14 15 16 17 18 19 20 21 22 23 24 25 26 27 28 29
1 2 3 4 5 6 7 8 9 10 11 13 14 16 17 18 21 24 25 28 30 31 32 40 44 45 46
1 2 3 4 5 6 7 8 9 10 11 12 13 14 15 16 18 23 30 31 32 37 40 46 48 49
1 2 3 4 5 6 7 8 9 10 11 12 13 14 15 16 17 18 19 22 23 24 25 26
1 2 3 4 5 6 7 8 9 10 11 12 13 15 18 21 22 31 32 35 40 42 44 45
1 2 3 4 5 6 7 8 9 10 11 12 13 15 16 17 21 22 23 24 25 26 29
1 2 3 4 5 6 7 8 9 10 11 12 13 14 15 16 17 18 19 20 21 22 23
1 2 3 4 5 6 7 8 9 10 11 12 13 15 22 23 24 28 30 32 34 35 37
1 2 3 4 5 6 7 8 9 10 11 12 13 14 15 16 17 18 19 20 21
1 2 3 4 5 6 7 8 9 10 11 12 15 18 21 37 45 46 48 49
1 2 3 4 5 6 7 8 9 10 11 12 13 14 15 16 17 18 19 20
1 2 3 4 5 6 7 8 9 10 12 22 23 24 28 30 34 37
1 2 3 4 5 6 7 8 9 12 15 23 34 37 42 46 48 49
1 2 3 4 5 6 7 8 12 15 34 35 42 45 48 49
1 2 3 4 5 6 10 11 12 15 17 18 19 21 22
1 2 3 4 12 15 23 35 42 45 46 49
1 2 4 15 23 28 35 42 45 46 48
1 2 3 4 5 6 7 8 9 10 11