1
0
4.714038610458374
2 3 4 5 6 7 8 9 10 11 12 13 14 15 16 17 18 19 20 21 22 23 24 25 26 27 28 29 30 31 32 33 34 35 36 38 40 41 42 43 43 44 45 45 46 47 48 49 50
1 3 4 5 6 7 8 9 10 11 12 13 14 15 16 17 18 19 20 21 22 23 24 25 26 27 28 29 30 31 32 32 33 34 36 37 38 39 40 41 42 43 45 46 47 48 48 49 50
1 2 4 5 6 7 8 9 10 11 12 13 14 15 16 17 18 19 20 21 22 23 24 25 27 28 28 28 29 30 31 32 34 35 36 37 37 39 40 41 41 43 44 45 46 47 48 50
1 2 3 5 6 7 8 9 10 11 12 13 14 15 16 17 18 19 20 21 22 23 24 25 26 27 29 30 31 32 33 34 34 35 36 38 39 40 41 42 43 44 45 45 46 47 48 50
1 2 3 4 6 7 8 10 11 12 13 14 14 15 16 17 18 19 20 21 22 23 24 25 26 27 28 29 30 31 32 33 34 35 36 38 38 39 39 41 42 43 44 45 46 47 48
1 2 3 4 5 7 8 9 10 11 12 13 14 15 16 17 18 19 20 21 22 23 24 25 26 27 28 29 30 31 33 34 35 36 37 37 38 38 39 41 42 43 44 45 46 47 48
1 2 3 4 5 6 8 9 10 11 12 13 14 15 16 17 18 19 20 21 22 23 24 26 27 28 29 30 31 32 33 34 35 36 36 37 38 39 40 41 42 43 44 45 46 47
1 2 3 4 5 6 7 9 10 11 12 13 14 15 16 17 18 19 20 21 22 22 23 24 25 26 27 28 29 31 32 33 34 35 36 37 38 39 40 41 41 42 43 44 46 47
1 2 3 4 6 7 8 10 11 12 13 14 14 15 16 17 18 19 20 21 22 23 24 25 26 27 28 29 30 31 32 33 34 35 36 37 38 39 40 41 42 43 44 45 46
1 2 3 4 5 6 7 8 9 11 12 13 15 16 17 18 19 20 21 22 23 24 25 27 28 29 30 30 32 33 34 35 35 35 36 37 38 39 40 42 43 45 46
1 2 3 4 5 6 7 8 9 10 12 13 14 15 16 17 18 19 20 21 22 23 24 25 26 27 28 29 31 32 33 34 34 35 36 37 38 38 39 42 43 44 46
1 2 3 4 5 6 7 8 9 10 11 13 15 16 17 18 19 20 21 22 23 24 26 26 27 28 29 30 31 32 33 34 35 36 36 37 38 39 40 41 42 44
1 2 3 4 5 6 7 8 9 10 11 12 14 15 16 17 18 19 20 21 22 23 24 26 27 28 29 30 31 33 36 37 38 39 39 40 40 45 47 49
1 2 3 4 5 5 6 7 8 9 9 11 13 15 17 18 19 20 21 22 24 25 27 28 29 30 31 31 31 32 33 33 34 35 36 38 40 46
1 2 3 4 5 6 7 8 9 10 11 12 13 14 16 17 18 19 20 21 22 23 24 25 26 27 28 29 30 31 32 32 33 34 36 40 49
1 2 3 4 5 6 7 8 9 10 11 12 13 15 17 18 19 20 21 22 23 24 25 26 27 29 31 33 33 35 35 39 39 42 43 45
1 2 3 4 5 6 7 8 9 10 11 12 13 14 15 16 18 19 20 21 22 23 24 25 26 27 28 29 30 31 33 34 36 38 43 44
1 2 3 4 5 6 7 8 9 10 11 12 13 14 15 16 17 19 20 21 22 23 24 26 27 29 30 31 35 37 40 45 46 49
1 2 3 4 5 6 7 8 9 10 11 12 13 14 15 16 17 18 20 21 23 24 25 26 27 28 29 31 36 37 44 45 47 49
1 2 3 4 5 6 7 8 9 10 11 12 13 14 15 16 17 18 19 21 23 24 25 26 27 29 30 30 32 33 35 37 37 46
1 2 3 4 5 6 7 8 9 10 11 12 13 14 15 16 17 18 19 20 22 23 24 26 27 28 29 30 31 32 33 34 42
1 2 3 4 5 6 7 8 8 9 10 11 12 13 14 15 16 17 18 21 23 23 25 25 26 34 35 39 39 40 43 47 50
1 2 3 4 5 6 7 8 9 10 11 12 13 15 16 17 18 19 20 21 22 22 24 25 26 27 29 30 32 41 43 46 50
1 2 3 4 5 6 7 8 9 10 11 12 13 14 15 16 17 18 19 20 21 23 26 27 29 32 34 37 40 40 42 49
1 2 3 4 5 6 8 9 10 11 14 15 16 17 19 20 22 22 23 26 32 32 34 37 37 38 39 40 40 42 44 45
1 2 4 5 6 7 8 9 11 12 12 13 15 16 17 18 19 20 21 22 23 24 25 27 28 30 31 33 37 41 43 45
1 2 3 4 5 6 7 8 9 10 11 12 13 14 15 16 17 18 19 20 21 23 24 26 29 30 31 33 41 41 50
1 2 3 3 3 5 6 7 8 9 10 11 12 13 14 15 17 19 21 26 29 29 30 31 32 34 34 35 40 49
1 2 3 4 5 6 7 8 9 10 11 12 13 14 15 16 17 18 19 20 21 23 24 27 28 28 33 37 45 47
1 2 3 4 5 6 7 9 10 10 12 13 14 15 17 18 20 20 21 23 26 27 28 31 33 35 36 43 46 49
1 2 3 4 5 6 7 8 9 11 12 13 14 14 14 15 16 17 18 19 21 26 27 28 30 41 44 44 48 50
1 2 2 3 4 5 7 8 9 10 11 12 14 15 15 20 21 23 24 25 25 28 33 35 35 36 36 38 47
1 2 4 5 6 7 8 9 10 11 12 13 14 14 15 16 16 17 20 21 26 27 29 30 32 34 35 40 49
1 2 3 4 4 5 6 7 8 9 10 11 11 12 14 15 17 21 22 24 25 28 28 33 42 43 50
1 3 4 5 6 7 8 9 10 10 10 11 12 14 16 16 18 20 22 28 30 32 32 33 38 48
1 2 3 4 5 6 7 7 8 9 10 11 12 12 13 14 15 17 19 30 32 32 38 44
2 3 3 6 6 7 8 9 10 11 12 13 18 19 20 20 24 25 25 26 29 39 42 42
1 2 4 5 5 6 6 7 8 9 10 11 11 12 13 14 17 25 32 35 36 40 41
2 3 4 5 5 6 7 8 9 10 11 12 13 13 16 16 22 22 25 37 42 48 49
1 2 3 4 7 8 9 10 12 13 13 14 15 18 22 24 24 25 25 28 33 38 47
1 2 3 3 4 5 6 7 8 8 9 12 23 26 27 27 31 38 44 47 50
1 2 4 5 6 7 8 9 10 11 12 16 21 24 25 34 37 37 39 44
1 1 2 3 4 5 6 7 8 9 10 11 16 17 22 23 26 30 34 48
1 3 4 5 6 7 8 9 11 12 17 19 25 31 31 36 41 42
1 1 2 3 4 4 5 6 7 9 10 13 16 18 19 25 26 29
1 2 3 4 5 6 7 8 9 10 11 14 18 20 23 30
1 2 3 4 5 6 7 8 13 19 22 29 32 40 41
1 2 2 3 4 5 6 31 35 39 43 50
1 2 13 15 18 19 24 28 30 33 39
1 2 3 4 22 23 27 31 34 41 48