1
0
0.0009989738464355469
2 3 4 5 6 7 8 9 10 11 12 13 14 15 16 17 18 19 20 21 22 23 24 25 26 27 28 29 30 31 32 33 34 35 36 37 38 39 40 41 42 43 44 45 46 47 48 49 50
1 3 4 5 6 7 8 9 10 11 12 13 14 15 16 17 18 19 20 21 22 23 24 25 26 27 28 29 30 31 32 33 34 35 36 37 38 39 40 41 42 43 44 45 46 47 48 49 50
1 2 4 5 6 7 8 9 10 11 12 13 14 15 16 17 18 19 20 21 22 23 24 25 26 27 28 29 30 31 33 34 35 36 37 38 39 40 41 42 43 44 45 46 47 48 49 50
1 2 3 5 6 7 8 9 10 11 12 13 14 15 16 17 18 19 20 21 22 23 24 25 26 27 28 29 30 32 33 34 35 36 37 38 39 40 41 42 43 44 45 46 47 48 49 50
1 2 3 4 6 7 8 9 10 11 12 13 14 15 16 17 18 19 20 21 22 23 24 25 26 27 28 29 30 31 32 35 36 37 38 39 40 41 42 43 44 45 46 47 48 49 50
1 2 3 4 5 7 8 9 10 11 12 13 14 15 16 17 18 19 20 21 22 23 24 25 26 27 28 29 30 33 34 35 36 37 38 39 40 41 42 43 44 45 46 47 48 49 50
1 2 3 4 5 6 8 9 10 11 12 13 14 15 16 17 18 19 20 21 22 23 24 25 26 27 28 29 33 34 35 36 37 38 39 40 41 42 43 44 45 46 47 48 49 50
1 2 3 4 5 6 7 9 10 11 12 13 14 15 16 17 18 19 20 21 22 23 24 25 26 30 31 32 33 34 35 36 37 38 39 40 41 42 43 44 45 46 47 48 49 50
1 2 3 4 5 6 7 8 10 11 12 13 14 15 16 17 18 19 20 21 22 23 24 25 26 27 28 33 34 35 36 37 38 39 40 41 42 43 44 45 46 47 48 49 50
1 2 3 4 5 6 7 8 9 11 12 13 14 15 16 17 23 24 25 26 27 28 29 30 31 32 33 35 36 37 38 39 40 41 42 43 44 45 46 47 48 49 50
1 2 3 4 5 6 7 8 9 10 12 18 19 20 21 22 23 24 25 26 27 28 29 30 31 32 33 35 36 37 38 39 40 41 42 43 44 45 46 47 48 49 50
1 2 3 4 5 6 7 8 9 10 11 13 14 15 16 17 18 19 20 21 22 23 24 25 26 27 28 34 35 36 37 38 39 40 41 42 43 44 45 46 47 48
1 2 3 4 5 6 7 8 9 10 12 14 15 16 17 18 19 20 21 22 23 29 30 31 32 33 34 35 36 37 38 39 40 41 42 43 44 45 46 47
1 2 3 4 5 6 7 8 9 10 12 13 15 16 17 18 24 25 26 27 28 29 30 31 32 33 34 35 36 38 39 41 42 43 44 45 46 47
1 2 3 4 5 6 7 8 9 10 12 13 14 19 20 21 22 23 24 25 26 27 28 29 30 31 32 35 36 38 39 42 43 44 45 46 47
1 2 3 4 5 6 7 8 9 10 12 13 14 17 18 19 20 21 22 23 24 29 30 31 32 33 34 35 36 38 40 41 42 44 45 46
1 2 3 4 5 6 7 8 9 10 12 13 14 16 18 19 20 25 26 27 28 29 30 31 32 33 34 35 36 38 40 41 42 43 44 45
1 2 3 4 5 6 7 8 9 11 12 13 14 16 17 21 22 23 24 25 26 27 28 29 30 31 32 35 36 38 40 41 42 44
1 2 3 4 5 6 7 8 9 11 12 13 15 16 17 20 21 22 23 27 28 29 30 31 32 33 34 35 37 38 40 41 42 45
1 2 3 4 5 6 7 8 9 11 12 13 15 16 17 19 24 25 26 27 28 29 30 31 32 33 34 35 37 39 40 41 42 43
1 2 3 4 5 6 7 8 9 11 12 13 15 16 18 19 22 23 24 25 26 27 28 31 32 33 34 35 37 39 40 41 43
1 2 3 4 5 6 7 8 9 11 12 13 15 16 18 19 21 23 24 25 26 29 30 31 32 33 34 35 37 39 40 41 43
1 2 3 4 5 6 7 8 9 10 11 12 13 15 16 18 19 21 22 24 27 28 29 30 31 32 33 34 37 38 39 40 43
1 2 3 4 5 6 7 8 9 10 11 12 14 15 16 18 20 21 22 23 25 26 27 28 29 30 31 32 37 38 39 40
1 2 3 4 5 6 7 8 9 10 11 12 14 15 17 18 20 21 22 24 26 27 28 29 31 32 33 34 37 38 39 40
1 2 3 4 5 6 7 8 9 10 11 12 14 15 17 18 20 21 22 24 25 27 28 30 31 32 33 34 36 37 38 39
1 2 3 4 5 6 7 9 10 11 12 14 15 17 18 19 20 21 23 24 25 26 29 30 31 32 33 34 36 37 39
1 2 3 4 5 6 7 9 10 11 12 14 15 17 18 19 20 21 23 24 25 26 29 30 31 32 33 34 36 37
1 2 3 4 5 6 7 10 11 13 14 15 16 17 18 19 20 22 23 24 25 27 28 30 31 32 33 34 36 37
1 2 3 4 5 6 8 10 11 13 14 15 16 17 18 19 20 22 23 24 26 27 28 29 31 32 33 34 35 36
1 2 3 5 8 10 11 13 14 15 16 17 18 19 20 21 22 23 24 25 26 27 28 29 30 32 33 34 35 36
1 2 4 5 8 10 11 13 14 15 16 17 18 19 20 21 22 23 24 25 26 27 28 29 30 31 33 34 35
1 2 3 4 6 7 8 9 10 11 13 14 16 17 19 20 21 22 23 25 26 27 28 29 30 31 32 34 35
1 2 3 4 6 7 8 9 12 13 14 16 17 19 20 21 22 23 25 26 27 28 29 30 31 32 33
1 2 3 4 5 6 7 8 9 10 11 12 13 14 15 16 17 18 19 20 21 22 30 31 32 33
1 2 3 4 5 6 7 8 9 10 11 12 13 14 15 16 17 18 26 27 28 29 30 31
1 2 3 4 5 6 7 8 9 10 11 12 13 19 20 21 22 23 24 25 26 27 28 29
1 2 3 4 5 6 7 8 9 10 11 12 13 14 15 16 17 18 19 23 24 25 26
1 2 3 4 5 6 7 8 9 10 11 12 13 14 15 20 21 22 23 24 25 26 27
1 2 3 4 5 6 7 8 9 10 11 12 13 16 17 18 19 20 21 22 23 24 25
1 2 3 4 5 6 7 8 9 10 11 12 13 14 16 17 18 19 20 21 22
1 2 3 4 5 6 7 8 9 10 11 12 13 14 15 16 17 18 19 20
1 2 3 4 5 6 7 8 9 10 11 12 13 14 15 17 20 21 22 23
1 2 3 4 5 6 7 8 9 10 11 12 13 14 15 16 17 18
1 2 3 4 5 6 7 8 9 10 11 12 13 14 15 16 17 19
1 2 3 4 5 6 7 8 9 10 11 12 13 14 15 16
1 2 3 4 5 6 7 8 9 10 11 12 13 14 15
1 2 3 4 5 6 7 8 9 10 11 12
1 2 3 4 5 6 7 8 9 10 11
1 2 3 4 5 6 7 8 9 10 11