1
0
0.09478569030761719
2 3 4 5 6 7 8 9 10 11 12 13 14 15 16 17 18 19 20 21 22 23 24
1 3 4 5 6 7 8 9 10 11 12 13 14 15 16 17 18 20 21 21
1 2 4 5 6 7 8 9 10 11 12 13 14 15 16 17 18 19 21 22
1 2 3 5 5 6 6 7 8 12 12 12 14 15 16 17 18 20 22
1 2 3 4 4 6 7 8 9 10 11 12 13 15 17 18 19 25
1 2 3 4 4 5 7 8 9 10 11 12 13 15 16 17 18
1 2 3 4 5 6 8 9 10 11 12 13 14 15 17 19
1 2 3 4 5 6 7 9 10 11 12 13 14 17
1 2 3 5 6 7 8 10 11 13 14 22 23
1 2 3 5 6 7 8 9 11 13 14 24
1 2 3 5 6 7 8 9 10 13 14
1 2 3 4 4 4 5 6 7 8 16
1 2 3 5 6 7 8 9 10 11 14
1 2 3 4 7 8 9 10 11 13 20
1 2 3 4 5 6 7 19 20 24
1 2 3 4 6 12 19 21 25
1 2 3 4 5 6 7 8 23
1 2 3 4 5 6 19 23
1 3 5 7 15 16 18
1 2 4 14 15
1 2 2 3 16
1 3 4 9
1 9 17 18
1 10 15
5 16