1
0
0.0009562969207763672
2 3 4 5 6 8 9 10 11 12 13 14 15 16 17 18 19 20 21 22 23 24 25
1 3 4 5 6 9 10 11 12 13 15 16 17 18 19 20 21 22 23 25
1 2 4 5 6 7 8 9 10 11 12 13 14 15 16 17 18 19 22 23
1 2 3 5 6 7 8 9 10 11 12 13 14 15 16 17 18 19 20
1 2 3 4 6 7 8 9 10 11 12 13 14 15 16 17 18 19
1 2 3 4 5 7 8 9 10 11 12 13 14 15 16 22 23
3 4 5 6 8 9 10 11 12 13 14 15 16 19 20 21
1 3 4 5 6 7 9 11 12 13 14 16 20 21
1 2 3 4 5 6 7 8 11 12 13 14 16
1 2 3 4 5 6 7 11 12 13 15 17
1 2 3 4 5 6 7 8 9 10 12
1 2 3 4 5 6 7 8 9 10 11
1 2 3 4 5 6 7 8 9 10 14
1 3 4 5 6 7 8 9 13 19 21
1 2 3 4 5 6 7 10 17 18
1 2 3 4 5 6 7 8 9
1 2 3 4 5 10 15 18 24
1 2 3 4 5 15 17 24
1 2 3 4 5 7 14
1 2 4 7 8
1 2 7 8 14
1 2 3 6
1 2 3 6
1 17 18
1 2