1
0
0.0009963512420654297
2 3 4 5 6 7 8 9 10 11 12 14 15 16 17 18 19 20 21 22 23 24 25
1 3 5 6 7 10 11 12 13 14 15 16 17 18 19 20 21 22 24 25
1 2 4 5 6 7 8 9 10 11 15 16 17 18 19 20 21 22 23 24
1 3 5 6 7 8 9 12 13 14 15 16 17 18 19 20 21 22 23
1 2 3 4 6 7 10 11 12 13 14 15 16 17 18 19 20 23
1 2 3 4 5 8 9 10 11 12 13 15 16 17 18 19 21
1 2 3 4 5 8 9 10 11 13 14 15 16 17 18 19
1 3 4 6 7 9 10 12 13 14 15 16 17 18
1 3 4 6 7 8 11 12 13 14 15 16 17
1 2 3 5 6 7 8 11 12 13 14 15
1 2 3 5 6 7 9 10 12 13 14
1 2 4 5 6 8 9 10 11 13 14
2 4 5 6 7 8 9 10 11 12 14
1 2 4 5 7 8 9 10 11 12 13
1 2 3 4 5 6 7 8 9 10
1 2 3 4 5 6 7 8 9
1 2 3 4 5 6 7 8 9
1 2 3 4 5 6 7 8
1 2 3 4 5 6 7
1 2 3 4 5
1 2 3 4 6
1 2 3 4
1 3 4 5
1 2 3
1 2