1
0
0.0
2 3 4 5 6 7 8 9 10 11 12 13 14 15 16 17 18 19 20 21 22 23 24
1 3 4 5 6 7 8 9 10 11 12 13 14 15 16 17 18 19 20 21
1 2 4 5 6 7 8 9 10 11 12 13 14 15 16 17 18 19 20 21
1 2 3 5 6 7 8 9 10 11 12 13 14 15 16 17 18 19 22
1 2 3 4 6 7 8 9 10 11 12 13 14 15 16 17 18 19
1 2 3 4 5 7 8 9 10 11 12 13 14 15 16 17 18
1 2 3 4 5 6 8 9 10 11 12 13 14 15 16 17
1 2 3 4 5 6 7 9 10 11 12 13 14 15
1 2 3 4 5 6 7 8 10 11 12 13 14
1 2 3 4 5 6 7 8 9 11 12 23
1 2 3 4 5 6 7 8 9 10 25
1 2 3 4 5 6 7 8 9 10 25
1 2 3 4 5 6 7 8 9 14 15
1 2 3 4 5 6 7 8 9 13 15
1 2 3 4 5 6 7 8 13 14
1 2 3 4 5 6 7 17 18
1 2 3 4 5 6 7 16 18
1 2 3 4 5 6 16 17
1 2 3 4 5 20 21
1 2 3 19 21
1 2 3 19 20
1 4 23 24
1 10 22 24
1 22 23
11 12