1
0
0.0009992122650146484
2 3 4 5 6 7 8 9 10 11 12 13 14 15 16 17 18 19 20 21 22 23 24 25 26 27 28 29 30 31 32 33 34 35 36 37 38 39 40 41 42 43 44 45 46 47 48 49 50
1 3 4 5 6 7 8 9 10 11 12 13 14 15 16 17 18 19 20 21 22 23 24 25 26 27 28 29 30 31 32 33 34 35 36 37 38 39 40 41 42 43 44 45 46 47 48
1 2 4 5 6 7 8 9 10 11 12 13 14 15 16 17 18 19 20 21 22 23 24 25 26 27 28 29 30 31 32 33 34 35 36 37 38 39 40 41 42 43 44 45 46 47
1 2 3 5 6 7 8 9 10 11 12 13 14 15 16 17 18 19 20 21 22 23 24 25 26 27 28 29 30 31 32 33 34 35 36 37 38 39 40 41 42 43 44 45
1 2 3 4 6 7 8 9 10 11 12 13 14 15 16 17 18 19 20 21 22 23 24 25 26 27 28 29 30 31 32 33 34 35 36 37 38 39 40 41 42 43 44 45
1 2 3 4 5 7 8 9 10 11 12 13 14 15 16 17 18 19 20 21 22 23 24 25 26 27 28 29 30 31 32 33 34 35 36 37 38 39 40 41
1 2 3 4 5 6 8 9 10 11 12 13 14 15 16 17 18 19 20 21 22 23 24 25 26 27 28 29 30 31 32 33 34 35 36 37 38 39 40
1 2 3 4 5 6 7 9 10 11 12 13 14 15 16 17 18 19 20 21 22 23 24 25 26 27 28 29 30 31 32 33 34 35 36 37 38 39 41
1 2 3 4 5 6 7 8 10 11 12 13 14 15 16 17 18 19 20 21 22 23 24 25 26 27 28 29 30 31 32 33 34 35 36 37 38 40
1 2 3 4 5 6 7 8 9 11 12 13 14 15 16 17 18 19 20 21 22 23 24 25 26 27 28 29 30 31 32 33 34 35 36 37 38
1 2 3 4 5 6 7 8 9 10 12 13 14 15 16 17 18 19 20 21 22 23 24 25 26 27 28 29 30 31 32 33 34 35 36 37
1 2 3 4 5 6 7 8 9 10 11 13 14 15 16 17 18 19 20 21 22 23 24 25 26 27 28 29 30 31 32 33 34 35 41
1 2 3 4 5 6 7 8 9 10 11 12 14 15 16 17 18 19 20 21 22 23 24 25 26 27 28 29 30 31 32 33 34 35 42
1 2 3 4 5 6 7 8 9 10 11 12 13 15 16 17 18 19 20 21 22 23 24 25 26 27 28 29 30 31 32 33 43 44 46
1 2 3 4 5 6 7 8 9 10 11 12 13 14 16 17 18 19 20 21 22 23 24 25 26 27 28 29 30 31 32 33 34
1 2 3 4 5 6 7 8 9 10 11 12 13 14 15 17 18 19 20 21 22 23 24 25 26 27 28 29 30 31 32 35
1 2 3 4 5 6 7 8 9 10 11 12 13 14 15 16 18 19 20 21 22 23 24 25 26 27 28 29 30 36 37 38
1 2 3 4 5 6 7 8 9 10 11 12 13 14 15 16 17 19 20 21 22 23 24 25 26 27 28 39
1 2 3 4 5 6 7 8 9 10 11 12 13 14 15 16 17 18 20 21 22 23 24 25 26 27
1 2 3 4 5 6 7 8 9 10 11 12 13 14 15 16 17 18 19 21 22 23 24 25 26
1 2 3 4 5 6 7 8 9 10 11 12 13 14 15 16 17 18 19 20 22 28 40 41
1 2 3 4 5 6 7 8 9 10 11 12 13 14 15 16 17 18 19 20 21 46 49
1 2 3 4 5 6 7 8 9 10 11 12 13 14 15 16 17 18 19 20 24 25
1 2 3 4 5 6 7 8 9 10 11 12 13 14 15 16 17 18 19 20 23 49
1 2 3 4 5 6 7 8 9 10 11 12 13 14 15 16 17 18 19 20 23 27
1 2 3 4 5 6 7 8 9 10 11 12 13 14 15 16 17 18 19 20 27 28
1 2 3 4 5 6 7 8 9 10 11 12 13 14 15 16 17 18 19 25 26
1 2 3 4 5 6 7 8 9 10 11 12 13 14 15 16 17 18 21 26 30
1 2 3 4 5 6 7 8 9 10 11 12 13 14 15 16 17 30 31
1 2 3 4 5 6 7 8 9 10 11 12 13 14 15 16 17 28 29
1 2 3 4 5 6 7 8 9 10 11 12 13 14 15 16 29 33
1 2 3 4 5 6 7 8 9 10 11 12 13 14 15 16 33 34
1 2 3 4 5 6 7 8 9 10 11 12 13 14 15 31 32
1 2 3 4 5 6 7 8 9 10 11 12 13 15 32 36
1 2 3 4 5 6 7 8 9 10 11 12 13 16 36 37
1 2 3 4 5 6 7 8 9 10 11 17 34 35
1 2 3 4 5 6 7 8 9 10 11 17 35 39
1 2 3 4 5 6 7 8 9 10 17 39 40
1 2 3 4 5 6 7 8 18 37 38
1 2 3 4 5 6 7 9 21 38 43
1 2 3 4 5 6 8 12 21 43 44
1 2 3 4 5 13 43 44 45
1 2 3 4 5 14 40 41 42
1 2 3 4 5 14 41 42 47
1 2 3 4 5 42 47 48
1 2 3 14 22 47 48
1 2 3 44 45 46
1 2 45 46 50
1 22 24
1 48