1
0
2.422067165374756
2 3 4 5 6 7 8 9 10 11 12 13 14 15 16 17 18 19 20 21 22 23 24 25 26 27 28 29 30 31 32 33 34 35 36 37 38 39 40 41 42 43 44 45 46 47 48 49 50
1 3 4 5 6 7 8 9 10 11 12 13 14 15 16 17 18 19 20 21 22 23 24 25 26 27 28 29 30 31 32 33 34 35 36 37 38 39 40 41 42 43 44 45 46 47 49
1 2 4 5 6 7 8 9 10 11 12 13 14 15 16 17 18 19 20 21 22 23 24 25 26 27 28 29 30 31 32 33 34 35 36 37 38 40 41 42 42 43 45 45 46 47
1 2 3 5 6 7 8 9 10 11 12 13 14 15 16 17 18 19 20 21 22 23 24 25 26 27 28 29 30 31 32 33 34 35 36 37 38 39 40 41 42 43 44 45
1 2 3 4 6 7 8 9 10 11 12 13 14 15 16 17 18 19 20 21 22 23 24 25 26 27 28 29 30 31 32 33 34 35 36 37 38 39 40 41 42 43 44 45
1 2 3 4 5 7 8 9 10 11 12 13 14 15 16 17 18 19 20 21 22 23 24 25 26 27 28 29 30 31 32 33 34 35 36 37 38 40 41 47
1 2 3 4 5 6 8 9 10 11 12 13 14 15 16 17 18 19 20 21 22 23 24 25 26 27 29 30 30 31 32 33 34 35 36 37 39 42 43
1 2 3 4 5 6 7 9 10 11 12 13 14 15 16 17 18 19 20 21 22 23 24 25 26 27 28 29 30 31 32 33 35 36 37 38 40 43 46
1 2 3 4 5 6 7 8 10 11 12 13 14 15 16 17 18 19 20 21 22 23 24 25 26 27 28 29 30 31 32 33 34 35 36 41 41 44
1 2 3 4 5 6 7 8 9 11 12 13 14 15 16 17 18 20 21 22 22 23 24 25 26 27 28 29 30 31 32 33 34 35 36 37 48
1 2 3 4 5 6 7 8 9 10 12 13 14 15 16 17 18 19 20 21 22 23 24 25 26 27 28 29 30 31 32 33 35 36 37 47
1 2 3 4 5 6 7 8 9 10 11 13 14 15 16 17 18 19 20 21 22 23 24 25 26 27 28 29 30 31 32 33 35 36 37
1 2 3 4 5 6 7 8 9 10 11 12 14 15 16 17 18 19 20 21 22 23 24 25 26 27 28 29 30 31 32 33 40 44 46
1 2 3 4 5 6 7 8 9 10 11 12 13 15 16 17 18 19 20 21 22 23 24 25 26 27 28 29 30 31 32 33 35 38 43
1 2 3 4 5 6 7 8 9 10 11 12 13 14 16 17 18 19 20 21 22 23 24 25 26 27 28 29 30 31 32 33 35
1 2 3 4 5 6 7 8 9 10 11 12 13 14 15 17 18 19 20 21 22 23 24 25 26 27 28 30 35 38 39 41
1 2 3 4 5 6 7 8 9 10 11 12 13 14 15 16 18 19 20 21 22 23 24 25 26 27 28 30 32 46 47 50
1 2 3 4 5 6 7 8 9 10 11 12 13 14 15 16 17 19 20 21 22 23 24 25 27 28 31 44
1 2 3 4 5 6 7 8 9 11 12 13 14 15 16 17 18 20 20 21 21 28 29 38 39 48
1 2 3 4 5 6 7 8 9 10 11 12 13 14 15 16 17 18 19 19 23 24 39 40 43
1 2 3 4 5 6 7 8 9 10 11 12 13 14 15 16 17 18 19 19 22 23 27 29
1 2 3 4 5 6 7 8 9 10 10 11 12 13 14 15 16 17 18 21 25 39 45
1 2 3 4 5 6 7 8 9 10 11 12 13 14 15 16 17 18 20 21 24 27
1 2 3 4 5 6 7 8 9 10 11 12 13 14 15 16 17 18 20 23 27 34
1 2 3 4 5 6 7 8 9 10 11 12 13 14 15 16 17 18 22 28 37 42
1 2 3 4 5 6 7 8 9 10 11 12 13 14 15 16 17 28 32 33 34 38
1 2 3 4 5 6 7 8 9 10 11 12 13 14 15 16 17 18 21 23 24
1 2 3 4 5 6 8 9 10 11 12 13 14 15 16 17 18 19 25 26 48
1 2 3 4 5 6 7 8 9 10 11 12 13 14 15 19 21 38 41
1 2 3 4 5 6 7 7 8 9 10 11 12 13 14 15 16 17 36
1 2 3 4 5 6 7 8 9 10 11 12 13 14 15 18 41 48
1 2 3 4 5 6 7 8 9 10 11 12 13 14 15 17 26 37
1 2 3 4 5 6 7 8 9 10 11 12 13 14 15 26 34
1 2 3 4 5 6 7 9 10 24 26 33 36 44 45 49
1 2 3 4 5 6 7 8 9 10 11 12 14 15 16 42
1 2 3 4 5 6 7 8 9 10 11 12 30 34
1 2 3 4 5 6 7 8 10 11 12 25 32 46
1 2 3 4 5 6 8 14 16 19 26 29 40
1 2 4 5 7 16 19 20 22 40 44
1 2 3 4 5 6 8 13 20 38 39
1 2 3 4 5 6 9 9 16 29 31
1 2 3 3 4 5 7 25 35
1 2 3 4 5 7 8 14 20
1 2 4 5 9 13 18 34 39
1 2 3 3 4 5 22 34
1 2 3 8 13 17 37
1 2 3 6 11 17
1 10 19 28 31
1 2 34
1 17