1
0
0.10677456855773926
2 3 4 5 6 7 8 9 10 11 12 13 14 15 16 17 18 19 20 21 22 23
1 3 4 5 6 7 8 9 10 11 12 13 14 15 16 17 19 21
1 2 4 5 6 7 8 9 10 11 12 14 14 16 19 21 22 24
1 2 3 5 6 7 8 9 10 11 12 13 14 15 16 19 21
1 2 3 4 6 7 8 9 10 11 12 13 14 16 17 17 19
1 2 3 4 5 7 8 9 10 11 12 13 14 15 15 18 21
1 2 3 4 5 6 8 9 10 11 12 13 15 15 16 20 20
1 2 3 4 5 6 7 9 10 11 12 13 14 19 20
1 2 3 4 5 6 7 8 10 11 12 13 14 16
1 2 3 4 5 6 7 8 9 11 12 13 21
1 2 3 4 5 6 7 8 9 10 13 16
1 2 3 4 5 6 7 8 9 10 22 22
1 2 4 5 6 7 8 9 10 11 18
1 2 3 3 4 5 6 8 9 18 23
1 2 4 6 6 7 7 17 17
1 2 3 4 5 7 9 11
1 2 5 5 15 15 18 20
1 6 13 14 17 25
1 2 3 4 5 8
1 7 7 8 17 22
1 2 3 4 6 10
1 3 12 12 20
1 14
3
18