0
1
0.0009882450103759766
2 3 4 5 6 7 8 9 10 11 12 13 14 15 16 17 18 19 20 21 22 23
1 3 4 5 6 7 8 9 10 11 12 13 14 15 16 17 18 19
1 2 4 5 6 7 8 9 10 11 12 13 14 15 16 17 20 21
1 2 3 5 6 7 8 9 10 11 12 13 14 15 16 17 18
1 2 3 4 6 7 8 9 10 11 12 13 14 15 16 17 24
1 2 3 4 5 7 8 9 10 11 12 13 14 15 20 21 22
1 2 3 4 5 6 8 9 10 11 12 13 14 15 16 17 18
1 2 3 4 5 6 7 9 10 11 12 13 14 19 20
1 2 3 4 5 6 7 8 10 11 12 13 14 21
1 2 3 4 5 6 7 8 9 11 12 13 22
1 2 3 4 5 6 7 8 9 10 12 14
1 2 3 4 5 6 7 8 9 10 11 21
1 2 3 4 5 6 7 8 9 10 14
1 2 3 4 5 6 7 8 9 11 13
1 2 3 4 5 6 7 16 17
1 2 3 4 5 7 15 17
1 2 3 4 5 7 15 16
1 2 4 7 19 20
1 2 8 18 20 25
1 3 6 8 18 19
1 3 6 9 12 22
1 6 10 21 23
1 22
5
19