1
0
0.0
3 4 5 6 7 8 9 10 11 13 14 15 16 17 18 19 20 21 22 23 24 25
3 5 6 7 9 10 11 12 13 14 15 16 17 18 19 20 21 22
1 2 6 7 9 10 11 12 13 14 15 16 17 18 19 20 21 22
1 5 6 7 8 9 10 11 12 13 14 15 16 17 19 20 22
1 2 4 6 7 8 9 11 12 13 14 15 16 17 19 20 22
1 2 3 4 5 7 8 9 10 11 12 13 14 15 16 17 18
1 2 3 4 5 6 8 9 10 11 12 13 14 15 16 17 20
1 4 5 6 7 9 10 11 12 13 14 15 16 17 19
1 2 3 4 5 6 7 8 10 12 13 14 15 21
1 2 3 4 6 7 8 9 12 13 14 18 21
1 2 3 4 5 6 7 8 12 13 21 23
2 3 4 5 6 7 8 9 10 11 14 18
1 2 3 4 5 6 7 8 9 10 11
1 2 3 4 5 6 7 8 9 10 12
1 2 3 4 5 6 7 8 9
1 2 3 4 5 6 7 8
1 2 3 4 5 6 7 8
1 2 3 6 10 12
1 2 3 4 5 8
1 2 3 4 5 7
1 2 3 9 10 11
1 2 3 4 5
1 11
1
1